prioridad
5700
7100
4671
6425
7512
3700
4900
8522
9472
6000
6145
8950
4318
5900
6950
4900
3500
8400
3000
8100
2750
5900
7000
4000
3500
2760
4200
6859
5800
6750
9900
9100
6700
7500
7200
7014
9063
5300
6900
5000
4050
5400
4700
4700
9400
5700
4800
5100
4850
3009
4900
4700
6271
5900
7640
8314
6800
4600
5400
3900
3400
3700
3100
4300
2600
5200
5271
6271
5200
6320
4000
5300
7700
6666
6400
8050
5800
4600
9500
5663
8577
8974
9100
2700
4200
7236
7920
3000
4500
4800
7700
5000
4125
5300
6247
6500
3800
4800
8000
5780
